8 6.5761 4.1184 247 0 1655.29
8 2.72862 3.39693 247 0 1690.68
8 4.81624 3.75595 248 0 1655.18
8 17.6165 3.58194 248 0 1691.47
8 9.9472 3.32715 249 0 1690.83
8 2.75916 3.42756 256 0 2163.26
8 21.7844 3.36799 257 0 2163.58
8 7.40304 3.27506 258 0 2163.55
8 9.1979 3.1816 698 0 1390.9
8 3.04004 3.49525 699 0 1390.37
8 5.91185 3.50271 748 0 1527.64
8 4.65236 3.20804 749 0 1526.53
8 13.1996 3.52013 751 0 1642.5
8 13.6354 4.30982 756 0 1477.89
8 11.7166 5.16141 757 0 1482.67
8 13.5714 2.92617 772 0 1759.1
8 14.9903 3.08577 773 0 1758.57
8 10.004 3.15356 972 0 1241.86
8 6.29552 3.13533 764 1 1759.49
8 12.049 3.33226 765 1 1758.52
8 8.51228 3.15057 766 1 1758.33
8 7.81481 3.2707 805 1 1691.23
8 13.7448 3.75201 806 1 1691.73
8 14.1555 3.79266 807 1 1690.37
8 9.25303 3.36878 808 1 2163.22
8 6.19283 3.39836 809 1 1655.55
8 10.2514 3.44615 809 1 2163.74
8 5.81876 3.90768 810 1 1654.42
8 10.2038 3.01098 810 1 2163.52
8 9.29449 2.78673 857 1 1390.84
8 3.17535 2.72518 874 1 1013.55
8 9.55969 3.17349 875 1 1012.07
8 8.37062 4.29276 888 1 1241.38
8 4.55327 2.97308 889 1 1241.94
8 7.22668 2.9402 905 1 1527.59
8 5.47451 2.89436 925 1 1294.81
8 7.85579 4.48893 926 1 1294.85
8 6.21763 2.91108 972 1 1641.34
8 8.52415 2.83429 973 1 1642.74
8 4.67426 3.42767 980 1 3321.51
8 7.66749 3.18855 983 1 3312.91
8 8.65834 4.39741 984 1 3305.96
8 9.01873 5.73751 1020 1 1482.07
8 12.9641 3.76997 1021 1 1478.03
8 3.72227 5.17438 1022 1 1474.59
8 5.36952 2.74381 1061 1 608.524
8 8.91802 3.86047 1062 1 609.213
8 13.8561 4.3867 1171 1 1493.67
8 8.55668 3.94317 1172 1 1496.57
8 6.99958 3.31381 382 2 1691.98
